10
0 396 833 729 428 353 625 97 64 0
396 0 681 0 629 381 122 992 135 505
833 681 0 639 80 0 174 555 103 664
729 0 639 0 27 438 792 859 833 524
428 629 80 27 0 18 0 231 280 459
353 381 0 438 18 0 340 0 374 376
625 122 174 792 0 340 0 563 68 573
97 992 555 859 231 0 563 0 543 505
64 135 103 833 280 374 68 543 0 124
0 505 664 524 459 376 573 505 124 0
